3.007991599778334080e-01
1.476279103577136931e-01
1.115751112322012628e-01
9.287956997752189192e-02
8.267393738031386663e-02
7.230390228045482925e-02
6.410943643053372554e-02
6.141898322453101522e-02
5.681401240602135944e-02
5.167197278526922122e-02
4.787660879449297940e-02
4.699085269790763408e-02
4.457344193275396965e-02
4.191304987914239166e-02
4.164311967717173463e-02
3.961260301902269632e-02
3.926833687288841523e-02
4.148594221163851709e-02
3.551181231782926662e-02
3.478101994118187879e-02
