3.145355605622132678e-01
1.586279697914918241e-01
1.252638623932997297e-01
1.059414844304323172e-01
9.264623260547717731e-02
8.286826325245201519e-02
7.554198380634188914e-02
7.001631141851345774e-02
6.530710423234850626e-02
6.137299936444808729e-02
5.958574405070394403e-02
5.750342180492201000e-02
5.279663754599168979e-02
5.080136175428051626e-02
5.117067015921542006e-02
5.268793722230960541e-02
4.582954360189226556e-02
4.839827441979044353e-02
4.441901121808138064e-02
4.945950445685302899e-02
