3.175209940552711219e-01
1.512177388757467156e-01
1.136103210320075357e-01
9.424981671472390521e-02
7.996617050766945123e-02
7.275239573294917106e-02
6.432214532817404073e-02
5.944038767268260137e-02
5.529738466143607756e-02
5.030083340903123562e-02
4.624150924781958438e-02
4.128095274412383470e-02
4.171554411215086522e-02
4.012609488175560707e-02
3.677404460025330418e-02
3.372530549578368897e-02
3.212172065442427810e-02
3.312463769782334616e-02
2.989181282234688528e-02
2.873685178651164129e-02
