3.345685078144073343e-01
1.697556104322274495e-01
1.349271051585674286e-01
1.121808210233847247e-01
9.734266751507918147e-02
8.889887660940487546e-02
8.090924248695373355e-02
7.709944068628052372e-02
7.088114706551035260e-02
6.650587492932875933e-02
6.370933736211931153e-02
6.514950052340670594e-02
6.003671958819807586e-02
5.960356381850627494e-02
5.562862881533413295e-02
5.702321145479800207e-02
5.458428305936201264e-02
5.064495198812025284e-02
5.123132276651158612e-02
5.142459255704501242e-02
