9.063333333333332575e+01
9.545833333333332860e+01
9.646833333333333371e+01
9.707166666666667254e+01
9.732666666666666799e+01
9.769666666666665833e+01
9.790500000000000114e+01
9.807333333333333769e+01
9.817666666666666231e+01
9.831999999999999318e+01
9.849333333333333940e+01
9.850166666666666515e+01
9.860166666666665947e+01
9.874333333333333940e+01
9.872666666666665947e+01
9.877500000000000568e+01
9.884666666666667822e+01
9.876833333333333087e+01
9.895666666666667766e+01
9.894833333333333769e+01
