9.053999999999999204e+01
9.545333333333333314e+01
9.650499999999999545e+01
9.705666666666667197e+01
9.749166666666666003e+01
9.767166666666666686e+01
9.789999999999999147e+01
9.807999999999999829e+01
9.820499999999999829e+01
9.831833333333332803e+01
9.849333333333333940e+01
9.865000000000000568e+01
9.856666666666666288e+01
9.866500000000000625e+01
9.875833333333333997e+01
9.886333333333332973e+01
9.890500000000000114e+01
9.891166666666666174e+01
9.902166666666666117e+01
9.903333333333333144e+01
