8.999500000000000455e+01
9.505833333333333712e+01
9.624833333333333485e+01
9.677500000000000568e+01
9.707666666666666799e+01
9.752333333333332632e+01
9.765833333333333144e+01
9.785333333333333883e+01
9.789999999999999147e+01
9.807666666666666799e+01
9.817666666666666231e+01
9.821166666666665890e+01
9.842999999999999261e+01
9.845833333333334281e+01
9.847666666666667368e+01
9.844166666666667709e+01
9.870166666666666799e+01
9.857666666666666799e+01
9.869666666666667254e+01
9.856499999999999773e+01
