8.947166666666667822e+01
9.492166666666666686e+01
9.589333333333333087e+01
9.665166666666667084e+01
9.707500000000000284e+01
9.730833333333333712e+01
9.747499999999999432e+01
9.764833333333334053e+01
9.783666666666667311e+01
9.794166666666667709e+01
9.806833333333332803e+01
9.800166666666666515e+01
9.823666666666667879e+01
9.827666666666667084e+01
9.831499999999999773e+01
9.827666666666667084e+01
9.842666666666666231e+01
9.850166666666666515e+01
9.849666666666666970e+01
9.854500000000000171e+01
